167,4
167,3
167,2
167,1
167,0
166,3
166,2
166,1
166,0
164,5
164,4
164,3
164,2
164,1
160,3
160,2
160,1
158,8
158,7
158,6
158,5
158,4
158,3
158,2
158,1
157,7
157,6
157,5
157,4
157,3
157,2
157,1
156,5
156,4
156,3
156,2
156,1
155,20
155,19
155,18
155,17
155,16
155,15
155,14
155,13
155,12
155,11
155,10
155,9
155,8
155,7
155,6
155,5
155,4
155,3
155,2
155,1
154,5
154,4
154,3
154,2
154,1
153,7
153,6
153,5
153,4
153,3
153,2
153,1
152,5
152,4
152,3
152,2
152,1
150,9
150,8
150,7
150,6
150,5
150,4
150,3
150,2
150,1
149,5
149,4
149,3
149,2
149,1
148,6
148,5
148,4
148,3
148,2
148,1
147,6
147,5
147,4
147,3
147,2
147,1
146,7
146,6
146,5
146,4
146,3
146,2
146,1
145,6
145,5
145,4
145,3
145,2
145,1
144,6
144,5
144,4
144,3
144,2
144,1
143,6
143,5
143,4
143,3
143,2
143,1
142,5
142,4
142,3
142,2
142,1
141,9
141,8
141,7
141,6
141,5
141,4
141,3
141,2
141,1
140,4
140,3
140,2
140,1
139,8
139,7
139,6
139,5
139,4
139,3
139,2
139,1
138,6
138,5
138,4
138,3
138,2
138,1
137,6
137,5
137,4
137,3
137,2
137,1
136,6
136,5
136,4
136,3
136,2
136,1
135,6
135,5
135,4
135,3
135,2
135,1
134,6
134,5
134,4
134,3
134,2
134,1
133,4
133,3
133,2
133,1
132,9
132,8
132,7
132,6
132,5
132,4
132,3
132,2
132,1
131,7
131,6
131,5
131,4
131,3
131,2
131,1
130,6
130,5
130,4
130,3
130,2
130,1
129,8
129,7
129,6
129,5
129,4
129,3
129,2
129,1
128,9
128,8
128,7
128,6
128,5
128,4
128,3
128,2
128,1
127,6
127,5
127,4
127,3
127,2
127,1
126,3
126,2
126,1
125,6
125,5
125,4
125,3
125,2
125,1
124,6
124,5
124,4
124,3
124,2
124,1
123,6
123,5
123,4
123,3
123,2
123,1
122,4
122,3
122,2
122,1
121,10
121,9
121,8
121,7
121,6
121,5
121,4
121,3
121,2
121,1
120,6
120,5
120,4
120,3
120,2
120,1
119,11
119,10
119,9
119,8
119,7
119,6
119,5
119,4
119,3
119,2
119,1
118,6
118,5
118,4
118,3
118,2
118,1
117,10
117,9
117,8
117,7
117,6
117,5
117,4
117,3
117,2
117,1
116,10
116,9
116,8
116,7
116,6
116,5
116,4
116,3
116,2
116,1
115,6
115,5
115,4
115,3
115,2
115,1
114,10
114,9
114,8
114,7
114,6
114,5
114,4
114,3
114,2
114,1
113,6
113,5
113,4
113,3
113,2
113,1
112,3
112,2
112,1
111,8
111,7
111,6
111,5
111,4
111,3
111,2
111,1
110,8
110,7
110,6
110,5
110,4
110,3
110,2
110,1
109,9
109,8
109,7
109,6
109,5
109,4
109,3
109,2
109,1
103,8
103,7
103,6
103,5
103,4
103,3
103,2
103,1
75,6
75,5
75,4
75,3
75,2
75,1
2,3
2,2
2,0
1,3
1,2
3,6
3,5
3,4
3,2
3,3
4,3
0,243
2,1
0,9
0,0
0,1
0,300
0,299
0,298
0,297
0,296
0,295
0,294
0,293
0,292
0,291
0,290
0,289
0,288
0,287
0,286
0,285
0,284
0,283
0,282
0,281
0,280
0,279
0,278
0,277
0,276
0,275
0,274
0,273
0,272
0,271
0,270
0,269
0,268
0,267
0,266
0,265
0,264
0,263
0,262
0,261
0,260
0,259
0,258
0,257
0,256
0,255
0,254
0,253
0,252
0,251
0,250
0,249
0,248
0,247
0,246
0,245
0,244
0,242
0,241
0,240
0,239
0,238
0,237
0,236
0,235
0,234
0,389
0,233
0,232
0,388
0,231
0,387
0,230
0,386
0,229
0,385
0,228
0,384
0,227
0,226
0,225
0,224
0,223
0,222
0,221
0,220
0,219
0,218
0,217
0,216
0,215
0,214
0,213
0,212
0,211
0,210
0,209
0,208
0,207
0,206
0,205
0,204
0,203
0,202
0,201
0,200
0,199
0,198
0,197
0,196
0,195
0,194
0,193
0,192
0,63
0,62
0,61
0,60
0,59
0,58
0,57
0,56
0,55
0,54
0,53
0,52
0,51
0,50
0,49
0,48
0,47
0,46
0,45
0,6
0,5
0,304
0,303
0,306
0,305
0,302
0,12
0,10
0,8
0,11
0,4
0,2
0,3
0,7
164,0
160,0
158,0
157,0
156,0
155,0
154,0
153,0
152,0
150,0
149,0
148,0
147,0
146,0
145,0
144,0
143,0
142,0
141,0
140,0
139,0
138,0
137,0
136,0
135,0
134,0
133,0
132,0
131,0
130,0
129,0
128,0
127,0
126,0
125,0
124,0
123,0
122,0
121,0
120,0
119,0
118,0
117,0
116,0
115,0
114,0
113,0
112,0
111,0
110,0
109,0
103,0
75,0
